65224533936594,7
56977036229405,5
56934086556445,8
33437568989137,8
33278655199185,8
80565545966417,4
69154580803211,5
25994497147487,4
93467298441015,4
42542752918653,6
55315538207877,4
12014206248744,3
87146091573152,7
21467696012326,8
56964151327517,5
24409493384494,5
40438589296452,8
5335416527520,4
83116411736028,8
56968446294813,5
92480194314944,4
4841495288480,5
2367723856713,5
82699595929475,8
94593632057881,5
37260184619548,7
72521281076415,7
77641318051118,5
37281691194298,7
14535326001799,7
14672764955271,7
28601261893157,7
30542942699486,6
78285327401543,4
18997911607214,4
70275527813047,4
54692460491978,8
17455353872925,4
3647668111099,8
10983333227645,6
4957491676715,5
11249620203831,7
91440937146384,4
7405064427416,7
56904021785373,5
39553463634277,5
22502377975657,5
14685649857159,7
31400598389823,8
53709637368085,4
54631984598576,5
14655585086087,7
93665149287204,7
35503211471503,4
16506640051207,7
37169990306332,7
39621073812645,5
46802770747075,7
66800405643946,8
54993862593448,4
36358205080513,3
42211294736887,6
92019674765034,5
73161588046052,8
61114195996582,4
69141695893811,5
44703452050125,7
47343771741115,6
21192562792132,7
58055310570241,7
11198041983631,8
54627689631280,5
20625650022977,4
4342267676396,4
85840375652984,7
83194626328933,5
1297504334632,4
29060823625913,4
9071964440509,8
42035067124996,4
37316086400519,7
43813513666546,7
56921201654557,5
14646995151495,7
3938799407746,5
96693273478197,7
56955561392925,5
35846831857742,4
9758288957094,6
49474428502090,2
45480510549117,4
46378158713981,5
57828688384558,7
13345668526148,7
42980931972398,5
28111187997272,4
14036060612966,6
53675277629717,4
42521656048377,8
21449615381930,8
7817613952849,6
68475035666204,7
5239860608165,5
38909446148451,4
17782083019703,4
55603368164741,4
5056040657558,4
4527962675872,4
91887628106761,7
29189672644793,4
73814760229668,8
25169724736138,7
16644547866491,4
20853283289665,4
51849426702582,6
10824389088352,8
10539924399086,7
70279822780343,4
69760131737527,4
11502427352638,5
22498083008361,5
6104418069998,4
81673813528482,7
48160454645045,4
11314143456878,7
49560970955292,7
78482370281119,4
5365655029499,8
99046315467758,8
19058041149358,4
4983229209248,4
89027029488358,8
65808422551862,8
96061287733088,4
91174819417433,4
97410925419117,7
99760272991119,7
78414253211016,4
7680341139259,3
1443183666158,8
55101036167692,4
28188757518675,6
84019424413200,6
93734486178638,4
53134234660142,5
83404683645834,7
36641709328924,7
10674065232992,8
86161507381187,6
42353028657655,8
97428349255770,7
53138529627438,5
26105746088256,4
44024288444998,6
4643926792864,4
28630976222286,7
56873957014301,5
24404004920316,7
82879984555907,5
44613266532994,3
29365189454980,8
88656921073780,7
60495496388494,3
28304932255687,7
97118627307709,6
68667937721904,5
74256421109200,4
26040943820445,6
42495508278397,6
74059192412689,8
76717640262918,4
88433582774388,7
19418644920725,6
5426002416013,7
88519482120308,7
45068435163676,7
29374486474656,7
45446291952661,8
29026463887545,4
88017504220552,4
18486387538785,6
37818134719093,7
89727490439200,8
69180311152567,5
62441322979152,7
5275670829861,6
23602116548526,4
76545585407079,3
70589318333058,4
33128331343825,8
42439659960291,6
62630590907595,8
41683883909728,4
62978285808162,7
7942102123833,7
7469724190231,8
48632644669983,3
2027364097464,4
38183602588188,7
3071472764376,8
26771949757806,4
54538347304603,8
43117259855293,4
25641767449328,7
49611633331207,8
54409683515446,4
64171410681775,4
58055407095514,8
28274883087643,7
7345166234133,4
38784389195356,4
77640506158203,8
76712411178699,8
95172661092370,7
43075315120099,4
4317509278368,4
18263298718101,7
34554189372597,4
83190331361637,5
15590841691239,6
94661960013066,5
59495080364556,7
16943646489765,4
50509909726891,6
40077439256107,5
53696752466197,4
77100185027137,4
90958931022079,5
56463105943955,5
86715612696197,4
80324554581766,5
61474973249446,4
74068051623545,7
8161778293123,3
3441559123758,8
14509556198023,7
27476154371276,7
41885747372640,4
80526995351746,4
34674446060383,4
25062194430699,4
51892959116483,5
94657574863468,3
30563800754266,4
29009731311501,4
98059033351475,2
87957374678408,4
71554155456203,4
56208868976335,7
82748366853567,4
28790085195339,7
23300946079741,7
21690662964864,4
88073369838189,4
24043918135074,7
35833163937833,8
33029547096017,8
51140894340855,4
66332397524558,7
69850182444763,7
35760378658895,4
5463879530201,8
65190300620910,7
6013510043803,4
39677967517201,8
90740732560064,5
41284568975900,7
36563836443710,5
71722670931427,7
54637338251287,3
27505050565306,7
19228568889035,8
37672423915660,7
41280156983904,8
96577702224783,7
98334491655798,4
77327130884216,7
88309028722804,7
44350899906235,7
11665451812440,8
16979202597705,4
3187341355921,6
31319924163438,7
81678042020152,7
14178416417327,3
76013402532369,8
82606311141444,7
49723809269267,3
37427823919331,6
56929791589149,5
75399587248396,8
71949898306447,8
47005163242320,7
83125355574860,8
49938412626635,4
69442304157623,4
95580672757113,4
95014506458155,7
77267262799166,7
11619161562460,8
2392814811652,4
30133883047384,2
89087170151104,4
5799325760334,5
63776917149336,3
1792453264832,8
85312467200215,8
60962991599479,7
68208808509087,4
95301751089798,7
18400230492795,2
6177369482546,7
89886029572895,4
56256308901474,8
36009597286569,7
54640574533168,5
2187529335900,7
5657336113882,6
9055307458202,4
87527344674932,7
9913536337428,7
74325053373032,4
18448192956513,4
61551177230187,7
79203788182690,4
75730136741262,8
87936248883820,6
80411063691157,3
51600811812383,7
12404441213765,8
33681743725717,2
46240552771904,4
39454970983102,4
10270502871786,8
46575713466339,6
35928648897361,4
14114221032128,4
54099914243568,4
39214137226706,4
87257760722848,7
99209541945311,8
82115762118567,8
8160502851587,2
45905765781004,8
61758498989305,7
36628824427036,7
18138747998007,7
87858621473389,4
29387371376544,7
7465408669907,4
2092169683636,3
42040028329249,4
70068558931145,4
51012311821307,7
49860538749743,7
37217001349535,4
26152055946014,4
27647517004723,6
36375421356572,7
21866758752871,4
38075909764588,8
66486825270736,8
7629061516910,7
35906651246587,4
90774183635308,4
81017035711350,7
13865311103623,7
57724405632570,4
61036886585254,4
61221387623558,7
61638425229682,5
85239059504914,6
8264869587252,4
18632652926408,7
83675652277803,5
36637500009778,7
1318683271703,3
88829264809969,5
42933483389554,7
3496417776258,5
45459253451413,8
88613971400820,7
40455698363070,4
7547493746650,7
98334750983249,8
5352596396704,4
16776820501782,8
45704276426791,7
46270656680716,7
14410709826525,4
98097053629628,7
53589378283797,4
36331766486855,2
18112497526641,4
73993734045133,4
32135797163732,3
38474603428510,6
73341922817392,8
76979430374864,6
76983706482453,3
32878493165046,4
2048759293571,8
30529168125541,4
35211548834814,7
83181741427045,5
36615773674677,6
12727204712914,7
18310543358357,7
14694181638090,4
48156346741758,8
5034562748282,4
42679090643063,4
28678576818710,4
21583245950344,4
42421889452320,7
58120356339924,8
14552588100796,2
46408223485053,5
2350311482710,8
88872409159481,7
44942947391647,4
49337356474989,5
87313791562430,4
23881367598208,7
36873669301178,7
29181032568725,4
21857850987404,8
93863456260543,4
82502392898026,7
6173137546734,4
13177884323768,4
90625223585311,8
43814101764915,4
6039417587864,7
35953950896392,7
38831880055815,4
22545221321838,5
87356103045278,8
79998298460260,6
87183747291252,7
63450397520607,4
65121406970480,3
5429145671221,8
45230460931525,4
47193769416138,6
56015862453313,7
28897614868665,4
48461272281907,6
74424265647931,8
87055897259936,7
19852422505520,7
19384380405176,8
73092212826082,4
75106813114779,7
38677429279439,7
56908316752669,5
3613127951695,4
49367421246061,4
15505133319001,4
38844710250598,5
46850100376943,4
40438518493886,4
65576224138933,7
52476981754133,4
42972235904995,4
33479912083160,7
56325212420999,8
10892572563060,8
83692223726478,4
18551207539915,7
39450612027747,4
46163437594898,7
79144287923759,3
47885745972726,7
30834871434534,4
2182179561485,8
78079245761928,4
60517272847161,7
81347781441847,4
7100780539502,7
46588806823123,8
36658974846258,4
22200824875348,6
30272421865077,4
61075431756820,7
78126405018905,3
99532140774042,8
53005060441691,4
98316731206063,7
26037201978198,4
23992754461293,4
53623714333502,3
45034164834334,7
26067266749270,5
3961183114176,4
12588734564637,4
46325998172716,6
48241790598535,6
11674888436892,4
15944356031716,8
57962037021070,8
38436523243348,8
69712867336397,7
21625160842405,5
10566571651688,8
11863341808936,8
29374065700884,4
56110329466285,7
62754639225608,8
33814277602077,5
24915754071652,4
61797261232477,4
31272284878063,7
5854715202036,4
14989523265962,5
83237045840692,6
57381365973281,4
6068900332873,4
96023096153087,3
99050668994084,4
34983520428687,4
4754570890255,4
86613569573109,6
15737845986770,4
85199266814696,6
73784204978847,3
73277661154194,7
91912406774106,5
86371851839414,8
14050085925135,7
73432188718835,7
48066111868659,7
33055316899793,8
9642558486809,4
61075290094547,6
29356861522693,4
22747395387801,5
20419468678852,7
83735014657139,5
96805335491471,7
18060420902171,4
29194221974499,7
61105606061990,4
58498427177377,3
86702727794309,4
34743187632822,4
71738931233855,8
4879652991779,4
64837810177323,7
57119818262029,6
56870821223833,7
44109991671157,2
28433450609086,7
87445740296308,7
74716307486373,8
4442152844845,7
81236079043446,7
65275373975762,2
22343126674883,4
88417120318866,4
56899726818077,5
27858232550949,7
2340887217989,6
79685144576462,4
26306894456204,3
87862897668980,5
89465421377189,4
76550273444369,8
84100792467352,8
14956259770373,7
76614661913992,5
79878985403397,7
38887742792044,7
29464558857328,3
20453793514471,7
68639145273271,4
48534379978861,7
91093423731179,7
13238071172291,5
19869677962215,4
14375827167073,8
93806563046339,6
83259135274286,5
5236320967750,8
15939281055386,6
48933191326811,6
9239255484159,4
40820891326882,4
42164050096631,6
83533918357035,5
85212151716584,8
97230688230886,7
67058290859491,4
82623060145465,6
55522345650159,8
7207214881702,7
16884335699775,8
56372205994378,8
69081085843482,7
29013965385592,7
29631643888823,7
30512072402743,4
53180899751264,8
67604326214800,5
33390324348881,8
16261331562688,6
53429896392434,8
69940170656070,3
3204988668462,4
79500305001127,8
28523124684796,6
91960503272007,4
15445797382419,7
56428232438376,8
64494000848265,4
64941238843328,8
18628370938261,7
73831407307911,8
42358031108044,4
14397291906853,7
48245999083311,7
46498404055011,6
58352028922493,7
39277551915941,3
27960362882371,4
58416683123023,3
13212524539972,7
82142626066421,4
83077803694613,8
24693200386780,8
26058676814678,5
41400384007470,5
29383076409248,7
23261987491660,8
44793050518413,7
75973952822879,6
87794844171147,8
61376403539756,4
70485579637470,3
48864729942143,4
2413939563670,8
93858553077687,3
98635361400849,4
49285956356976,7
26131797410442,7
9767327579245,8
85415192091829,4
4459083988473,4
36611211387342,7
33831457471261,5
11167828481870,6
72826337914748,6
7035221308360,4
33235705526225,8
25311520363863,7
19705892548300,8
18289068521877,7
83456607312677,4
7358515185626,7
78165195965003,7
38947780629853,8
24813287933877,7
79891879344932,7
34618300590810,4
89847673466533,4
51450056470667,6
44097961965722,7
10683019723699,7
15651354334930,4
20727824316500,8
53464824232213,4
68432986843063,5
97359386272655,7
77628433149230,5
34296711511596,5
12611207618705,7
37332050655677,8
76069253887971,6
4845790255776,5
54126665177050,6
53426169526549,4
98522255391932,7
12847014700305,4
38977549778748,7
19869006721322,3
3642493183054,6
21333418436166,8
31637234655115,8
19324252018372,7
99777522510992,6
40253667720481,4
69395186139065,8
83898687156283,7
75991599821962,4
30143324206310,4
83323267816175,4
18903404580526,4
13285785197359,6
56212823728510,7
76785840621467,4
69867486159053,7
99463777921772,7
23837896309191,7
77619380501968,4
93781643495040,4
48907742232646,4
5459443330799,6
80252555363717,3
39557758601573,5
45712407747260,5
65220342936751,8
39931269448263,4
5433255011186,6
11253941785884,4
84367143391719,8
75398734280290,2
58940647599947,6
18460854234568,7
97474725927028,4
36744345108747,7
1331458599778,5
61225266873050,8
82829602092559,4
29816502840003,8
48623835013082,8
18134546077380,7
60203756422366,7
59146968737867,6
81664631506075,7
18705680349589,7
30151914140902,4
12597962877998,4
41477024083189,3
56127776283129,6
8130956531669,7
16570970113368,8
23430318931791,7
19294210161217,4
37560364560137,8
27952992153631,7
26178655677980,5
24701489196193,4
89279659553455,8
58880046135013,4
90247262033075,8
63442026136568,7
94606315969777,8
65117112003184,3
47963037578768,6
89246539121140,4
34437238569294,7
14243300059154,3
46944805065651,6
70288059173796,8
81326117543137,6
26045779456513,6
1912560626456,8
84121580764888,8
95658487550193,8
32045691591358,7
79672644327137,4
91680992809708,8
26187504120187,7
15703471661250,4
75798530267101,7
22988136941390,8
78933715887591,7
87309496595134,4
40159492608344,8
52442714930371,4
34862809474395,8
33373437662798,8
1692318144571,2
82570746910595,5
37114061183695,7
84114025479319,4
19560553723531,7
19641295371187,8
95920484544421,4
78401337543209,4
38754611014374,6
23318648706990,4
18332018194837,7
42224589767373,8
5201720151252,8
2130356181149,5
34609710656218,4
86264624289908,7
40270694099975,4
57033825283553,5
4553278864261,6
22768839216006,8
77259378161519,4
51824227059310,8
52657315603390,7
58021769022101,4
48632808156967,8
77726274279111,4
23730751193341,3
50565797851190,7
92857853921081,8
16484810958065,4
4041841094774,4
23344418510766,7
29361169612550,7
26088993261167,4
41807540367884,8
3273155056150,6
70188962196025,8
85264678639348,3
9732838068716,4
18169261665537,7
68806801886094,6
30796299020079,7
46107731452339,8
56895440614102,4
91646957559017,3
3359495028836,4
19152196404483,7
9695252679693,4
17116225684758,8
17000658033845,4
88862965729247,6
96503787504110,4
5231270673573,5
82227431268263,8
96646116204959,8
84714020758196,7
30585019219613,6
30224759763129,4
98239560853156,2
12778509671619,8
85470279352102,8
31173634095432,6
78598860014151,4
84985733259498,7
26518187722257,8
90930194753715,7
27407165970010,4
48817541487614,3
37363442706912,5
72959775388629,4
79702074221034,7
17713421652023,7
65537737903526,4
1340553682007,8
46703490036616,6
16656698802011,5
32810243319125,7
28193447667536,7
42713939104222,8
68892413697497,6
43452701573994,7
13328809958310,4
76511582698888,5
76077276508780,4
88674713486511,8
97990763774809,8
12495158891108,3
84710284766039,8
40025450966801,5
28999979036434,3
82403243081055,4
70807421105522,8
50918294372385,8
12735825932559,7
86291393081248,7
95598052667202,7
9359828668362,8
30434951735386,4
39785234233855,8
95770542337827,7
29550035478461,8
24714513591255,4
72946282981506,7
6511824842366,6
67350412596583,3
79896165275700,7
98874798711260,8
4300516392532,4
26762160989580,3
19066631083950,4
55611986143448,7
85814565646230,4
19903781241772,8
1503731901789,4
55594424176255,7
72817661804822,6
97788701523163,7
90302608257738,4
45011439596483,6
82554240760763,7
53086990115043,4
95834938237790,4
40726123631208,4
94592530510705,4
76387028647304,7
86046579945376,7
83327596649773,6
29060766546142,5
31504537219688,8
15991129498967,8
10339422340019,7
67921752099062,7
61035781154667,7
85831783136690,7
2624311355437,2
64176380053321,4
35086905929931,7
15982517221997,7
79887584377636,7
58734244878221,3
94473516913540,4
24143110282333,7
15264516504787,4
10914765409966,4
23687301742237,6
4768816597920,4
13224574625586,8
53207146889050,6
46906814482325,7
11094577438507,7
72692773564618,8
11361388097134,7
82214387319963,7
57094177734367,6
72473515854979,4
98205800841477,8
54902895653388,8
33965203509589,4
19122440694323,3
77387913638169,4
45424689807795,2
86810452108807,5
86264677899174,7
7547505935628,8
28296526882640,7
60371031894359,4
54689235362701,8
68410308837651,8
85681461863032,7
5013293980320,4
99515856720188,7
91106135714422,8
19061265689545,3
86136342227850,7
11412927704686,7
69377070579730,2
17407953733080,8
56938381523741,5
5593231066015,7
37036846320156,7
11412481728048,3
4248789801632,4
62771129077247,6
50561554840114,7
29077118993573,7
40080950875482,8
48061933576301,7
34124541192294,4
56916906687261,5
11914986593963,4
32282274735392,7
59774219115929,7
94417224565440,4
88321710051060,8
33793828710502,6
22854455103593,8
10867355180582,4
8835918660609,4
20977810647360,8
36099991998529,3
80033488047983,4
61788435158364,4
77022719846929,4
36907997301276,7
69721453332585,7
85264775834238,7
36259173336128,8
78881952847629,6
89963509114821,7
30241944950048,5
12177321683010,7
23670286414096,4
27896509945740,4
73126807817580,7
65558486960841,4
14123009141383,7
38771589618066,4
35688130728785,4
51771541055258,8
88596791531636,7
56703480373577,7
53851378959872,5
82816969017698,7
82059768497307,7
35889468674836,6
96049051370999,8
65069223156295,7
80931136365430,7
91926203024608,8
46395066347155,6
11773572965327,7
92308858274910,7
88924540193215,7
26419560219274,7
68410239835132,6
51575131536579,4
93360319826289,4
27128494965535,6
73079477009768,7
50741943466546,4
65481635448281,8
74157680366472,4
73544251227706,8
91402030671948,7
55122324690500,7
18529151567598,7
39402838463718,5
82484970259611,7
32428055061864,8
32650907593611,8
38260774736208,7
25947145823137,5
5918895095590,8
33810490478204,8
80823858246039,7
46377489743519,4
41708680777074,8
43650462118862,4
61037032926970,7
30718849823974,4
3475815875555,4
94760913342930,7
24405198417198,6
40802647911156,4
91612452662517,5
18220321918416,6
36465634252977,4
29765134455748,7
80398148460765,6
98028534883462,8
34128568466180,3
62895848695032,7
30194224603005,7
32844766058457,8
20779311174929,7
33097353908716,7
5678437527345,6
57797942367478,3
36666525782550,8
18842900327520,4
77606952771674,6
44857530605222,4
74394314398863,3
76314122574329,6
91913353093163,6
15986623174648,6
41211417660534,5
3780613417082,7
40919528494010,7
41476933639995,5
43354535835055,4
37079700132689,7
52760542510275,7
51874717312555,4
76090182588248,8
76365250051536,4
22690869329565,6
80982675972982,7
77632728116526,5
83250545339694,5
19899870037265,7
8806097866991,6
29052559788547,7
1585623385845,2
21995808070001,8
12876742115110,5
34339517660756,7
67844516796584,7
95589075685547,8
20264843679835,7
84680257681508,6
32509174928630,4
40227863616424,6
36709984332856,8
14440836721287,7
30009326473750,5
22751311665296,4
41966915060340,8
50415537096665,3
45970136820861,5
26625171035594,5
35443020273583,6
82403447164892,8
48400768965687,4
88210977161558,7
3706970139795,4
2216954155472,5
88214539442292,7
34334261597715,4
17851078235844,7
10446587173394,4
39321022669959,8
8341737086318,4
69347969100381,7
77374641969285,8
25327852306214,8
83709849040287,8
3750760578644,4
54465898644044,5
12920356174813,5
6816898577653,4
13908296777135,7
16540877400936,3
42946856012217,7
11207017831545,6
77232485151801,8
12280374672255,7
32311736698359,5
30421646619839,8
55204149518656,4
85956339769976,7
40090177864000,3
19680757217857,8
3376058897306,4
78410168838239,7
28275204086055,7
22205939417671,8
82825354473540,7
84430746644286,7
36521450244636,7
92776672925929,4
17678608898208,7
31379905650154,6
99355986511224,2
51282422773232,4
6117302971886,4
72255756655490,8
62256387515957,4
38737431145190,6
82253877183168,4
13070610241429,8
19027976378286,4
21647721083256,6
2049019643096,2
79883280370693,7
12362115531943,7
31693385814144,8
43290063484899,6
7899115913933,7
11331328864324,7
4836864703952,4
39334711898814,4
6898572494638,7
26491411576012,6
89855824427893,8
17683140971038,7
74342453067824,4
39643735493070,7
59794921095670,4
23120032386115,4
44879082884946,7
43985319853764,8
2651458426148,7
45209587902426,8
40506289051464,7
99815760090264,8
73049434273764,4
57669581703829,4
4385859339767,8
11464069249477,3
30345361000356,6
99420590483213,7
53580602386572,2
42096182477627,4
96427045954693,7
4415265312788,2
79651024698591,7
19552216860415,4
52618808589507,4
75673987285887,4
18675615578517,7
86660172054921,4
78135166008035,6
36886554203066,7
99270402690072,7
82733955667843,5
63321711232637,7
51071849995421,7
97741533253165,6
10123304750072,4
13202730090615,4
15608606136400,7
75111500852242,8
27020686465966,7
44621608016774,8
25065949584309,5
3874856990592,4
91707621147161,7
12813049646316,7
37268357743116,4
42925039007069,8
3161798682279,7
95233649072507,8
33011346179213,7
16171249599991,4
84105292950636,3
89808886038460,6
49753182515059,6
92845478933203,7
79693408485036,7
83004728497961,3
26745870257476,6
1748358484883,3
38148967130076,7
9729178235289,5
75725688295060,4
19001343133236,6
13899697799960,7
50703192193690,7
28580056090600,6
23374054390543,8
75416400985539,7
54005990111509,8
48646299131761,8
44650867547252,4
82369248911850,7
42826207016931,5
48379715386132,8
86183019911284,7
61788271584008,8
70829785113813,6
25736722144913,7
88085941284963,8
4261674703520,4
10408249054426,8
36461224842065,4
30104489591069,6
54890379773431,8
8045191675271,7
28064704158206,7
43131159803859,7
41039211245312,8
82639994593161,5
11331191333839,7
14633866053272,7
18117296102991,7
35365772518031,4
62106067346559,8
88704662953360,7
26711100612319,5
90907975517687,5
4763777204809,4
9914218895655,7
46429750623423,3
29009670418296,7
49590426578139,5
17575664310969,6
2491471008278,4
81454383477260,4
82154536129038,4
80892240644419,4
22245073077778,7
61341375513405,8
27566232382625,4
27974400106129,7
76781255053403,6
28103130335919,7
12087074591162,6
28201339718637,6
47421620882990,7
47799805263600,7
59661778246772,8
1611364430708,5
3406997917822,4
13348974651272,6
13276838460381,4
52867675017583,4
53138262250374,7
35464390975644,8
24714503686069,5
65366157684901,7
13521651596253,4
5124577112548,6
60581707090444,7
26359003155151,7
89336267778404,6
62875242851784,7
42932690535215,3
2087942639937,7
58089766833882,7
37186765892710,5
21609185119249,7
75270030338430,8
27673509150558,4
70721665453774,8
65846910918134,7
92793774335809,8
40760753015718,8
69850537565204,7
72598668398074,6
61539768703698,5
35112383670374,4
24680143947701,4
28743443346264,4
43762654163733,3
97681202335782,7
28330668416631,7
98831625661988,4
84683955987124,7
12615535572175,7
85380684336162,3
68162231843127,4
18057140287893,7
51960695139325,4
80664844061073,4
97625300119370,5
67724556140125,4
84023398671937,6
48234014737350,8
73359459283103,4
73427239212385,6
19045422984367,4
53821002966770,4
31423068846051,4
91604020986439,4
26917434670323,6
16644028675447,4
77937283995594,3
27098361089800,6
51059862971468,7
36409686547151,7
16747271640772,7
10085566733325,4
37977561295935,6
81974635171053,8
95259175216909,6
31693661461285,7
23391059272419,5
32526839347896,6
17636268692780,8
29988724344413,7
62737414159654,7
35863785948805,3
6018448780910,7
19655056901393,7
47735423223447,7
10802508123023,7
6709938515566,7
21811297846327,6
70528741803271,7
54657754402352,5
21781087578209,4
23648493862137,5
1641596954163,2
11881362123111,8
30869158930837,7
87305201627838,4
83379314858228,3
40494429343055,6
40532125365208,4
88356273363060,7
93725934793503,7
83628414390159,6
5447366439950,7
4656811694752,4
35782916570577,4
25221329895686,7
88657189884976,4
90440435980165,3
62359327901175,5
66499573595604,8
92021147126073,2
17718045314004,8
21887874908616,7
6756521679814,6
33171281016785,4
80003447624820,7
7130181389617,7
17756667511109,7
36881801647121,7
54014597445655,7
54439987466659,6
22223337469286,4
32484211420739,7
2482745159295,2
72357964952534,7
57085838577320,6
36748860083860,4
81008448679042,8
79513448616705,5
42843396995027,7
79731875055155,2
12181670976506,3
32170141616189,8
25757963186025,4
72744994067756,8
70012420787674,4
96169703537857,7
78027738681590,3
37565127297564,7
51737767362080,4
13053654391503,7
25070972643956,7
42760817738907,7
18731665916857,5
17631824130532,8
89280443679424,4
61655224697637,2
3742073175597,7
19023824480322,3
36331908810485,2
3595681822842,6
3518748597070,7
37470638017052,7
77637023083822,5
15007509752422,7
41817006730901,7
43401424834898,6
50522797016476,6
82034171630754,7
4910472011776,5
90220858935470,4
3342422541422,5
11897892440675,8
12039829484691,4
46167691573219,6
69236312551646,8
4201684526386,7
94507754490749,8
88562431793268,7
75076601229386,8
11519549415694,6
6722033424543,4
1100656310351,8
4892708184926,7
17803912099467,7
62437050899777,8
18001104424896,4
86175428964256,7
65563531840998,8
31655092619458,7
31813379257375,5
56540083840978,8
25624365658516,8
5623028207043,3
76983052557460,4
87694848399476,7
12851602903759,4
96954887020666,4
94893140651556,8
36693248936476,7
49586344809190,8
21364202405988,4
90869389683619,7
83821622478934,6
96718438436845,8
16760441367997,4
63703467340273,4
12482367634212,7
88756682944853,4
62278132133798,4
11420568170014,8
13052775933746,4
81742453020163,3
94532453174917,4
18894658910613,7
29031145254776,7
81592355714607,5
67840534439061,8
22837149169088,5
4652446497229,7
29039348789433,4
27827949528898,7
68612715166224,3
48886181913238,4
82387269102086,8
57626616290848,7
65636345263964,7
22777389130095,2
32813919047346,7
57939868279480,6
83241918952975,6
27553493311121,7
31331865669548,4
81356311301610,7
60298245702878,7
33355876643383,5
71022821227546,6
98252562414517,6
90200059703548,6
88725668740486,7
46605895266208,7
99245273780540,5
67453942554258,7
98184302359336,6
74476029193454,4
95941483072482,3
28287502263393,8
88336029828979,7
46459075313733,7
67672160749677,4
75347137318806,4
59336206568871,8
68325029674019,8
74501575497675,8
51042704415455,7
1374703893362,7
27832730452205,4
97367976207247,7
30013858257168,4
3132187854487,7
47571833149920,5
34476256616883,7
7324045251894,4
13255693441812,6
18602776068421,7
38754425335096,7
64116310227270,4
68002217704613,4
37547309364635,8
10609906773074,8
28902296235896,7
56213372945304,2
18667242988282,4
82799447139264,7
33562202296123,8
91977995705794,4
20805729229403,6
49569400670334,8
53472550028928,8
12619830539471,7
70095396296409,8
29301341794489,4
63351095993748,8
89172218489190,6
10673615170710,4
39458517398248,8
23353008445358,4
20362678138290,6
88373331950508,8
63755181830379,7
84826426336266,7
80896375343771,6
38732677560749,2
25934260911525,7
19354476857848,7
63893033732276,6
87373103043642,4
33411524724395,5
17339721674922,3
42061887955997,7
62149212411228,4
53104467128564,8
31276581676353,6
1778226273780,5
57862855232149,4
75180281375080,4
87446309612776,5
40910455538552,8
40038642483748,6
23567756810158,4
74329823935310,4
40089999720791,3
26942664983804,4
99657048987783,7
8689921415086,8
74643044271700,5
30645654827878,7
29859262584952,8
34768439999607,4
72251001124208,7
44840744413525,2
18448157242226,7
52468467079054,4
24297298761162,8
80746568032154,6
73385319963639,8
95091990926944,7
99205229257710,8
59301857244363,7
87399471172541,7
70880336697451,2
57170716864454,6
7431493021294,7
91230878986983,8
31929970511744,7
4398946700912,8
68836124909932,5
93467283823338,6
53885162650978,4
7989071299246,7
34639979093946,4
71009750709925,4
27754208490852,8
20716157769225,7
98325376236579,7
80991381942539,7
10463966008354,7
9870074298398,4
69008532720725,7
31160996628087,2
75209874901966,4
41997664262608,6
67728353511410,4
69837582350765,8
20990699329220,7
43328361610704,6
59151257272197,4
92180033026354,7
56959856360221,5
87132834383711,7
36215887996445,7
7208154721902,7
30241649094676,4
2255395200269,2
29885462664480,5
4858166438018,8
49565127732885,7
43985589850189,8
40244770432387,6
5357065094907,4
19229123206421,8
84818482463948,4
17833414209667,8
81532300621215,8
95375534266280,8
53138512862389,4
21106017998250,8
61104500631403,7
89834788564645,4
73938251977238,4
35369971699139,4
6254693609006,8
40214298085782,2
61724081352614,4
20801344641194,8
4492968672927,4
24336520370773,4
93338952300859,5
15342853370373,4
27806653136734,4
26904933725010,6
87386273549564,7
73419259159602,8
96315437114161,8
18194363443649,3
69308898124725,6
49917358452131,7
63548708687760,8
2667506920017,7
98153937660760,8
25452931481499,4
45665533608507,6
95280882400639,3
38527194059107,4
29081880812182,4
60388565600129,7
88799414078479,8
18511352746842,8
68467124028118,8
14757982590000,8
50518568439850,8
14423183664321,6
13062466149167,7
9272973464096,4
10781271189930,8
25564784974333,7
50393345319489,8
89740246281838,7
20995048681320,7
29657773938581,4
25852324963604,5
56088836689389,8
61659714741497,4
71005641358362,6
40098806919447,6
94159639370993,8
56844415950554,3
16356479251659,7
19930005851378,7
12001236297746,7
84822236152418,8
82310186514219,8
27845615354093,4
40236487851297,4
23421663066552,7
88390633101428,7
93025201096731,6
73234637098910,8
64957593590556,6
16738537973040,7
91990779216776,4
67552617195822,4
83280824342142,8
91044856445860,4
95185912095259,7
72933926794770,3
13070271072055,7
40249303401201,7
25856916967711,8
68420320343907,6
62865857002190,7
45308418061760,5
14505507052354,8
50608750354985,7
40999985723059,7
13229683473667,7
25847781955018,6
43212754430572,4
45935543529946,6
85556548775157,6
21600804412298,7
38492402527393,4
21036826027782,4
23361207461616,8
47511126045811,4
14269382543517,6
27011189029796,4
6279828811881,2
21626665912353,8
76807005467010,6
79899642716650,7
91693908303480,8
35391243089260,2
46511257253541,8
25354470055569,7
61079607529186,8
26140281193302,4
57369166537468,5
56424479078980,6
39871299655904,4
17984222222020,7
11536667868520,6
76979092607723,8
28584493600885,6
34042032812402,2
99730218783763,5
83886120484592,7
62251953718775,5
12812452839154,7
26380237837738,8
99008696337238,4
20398121155242,7
6159182083324,8
78491258863056,6
4833210806064,3
51570506883330,7
17894106412683,7
61221405453102,4
87189029411925,6
99799099141803,4
3749520460859,6
2745757802632,8
49504998190741,7
14573980707463,7
65714038836848,3
4819993820076,8
24786928510707,4
67943074579647,7
89456983556713,8
26040395559638,4
79419419803644,8
43465933176880,7
48998434471219,7
28931974607033,6
25332995219089,7
68879805345183,4
14457954466781,4
75957567957521,4
81729491291104,4
12744264008617,4
15329976465516,4
33557348913333,8
14796935113330,4
79071859408311,7
28270071034379,8
94687152375647,3
28244489678420,8
12628271457231,7
98892025104522,7
44538895727532,4
1378689771290,5
51896327151349,6
92616900665661,4
49048684980747,4
37839872365565,7
1783171662218,7
35180330090272,7
25461698407585,4
89134884649742,4
56019551475219,4
12293261901269,7
19443957465362,6
15205335915704,2
70661906567331,6
79354787746105,4
34218974825288,4
10622521730747,7
19340948305328,6
73874540012607,4
89386951739359,6
74149045532340,4
45780699503780,7
35219928980799,4
33205052518916,7
28854991292931,4
79685471466936,4
4673788559408,4
17400150702188,8
91011610660185,8
10239549537941,3
46850119598542,7
23425540513279,8
15429051540090,8
54662049369648,5
26277418407142,5
28335181588304,7
4870711259326,4
13602687906366,7
58416977944490,2
87364810106608,4
26123101324118,4
60701408165481,8
47383040971317,8
97458236947376,7
77109060251664,4
15244211241323,8
36920882203164,7
70442929479727,2
82683198609651,8
56647265163517,4
23386344711066,4
77761905070815,8
3741951520247,3
61973189455782,4
5486098746055,7
9930877536821,8
71966955588991,2
72526238051079,6
85831982863784,7
86304586014402,8
48972320856927,7
16386056452422,7
60117420135338,7
9870617006783,7
82747165945911,8
53202851921754,6
17271147548171,7
17619036580871,4
36993085510948,8
43491926947811,6
90959276616905,3
55430847923303,4
68024716003836,4
18812939016490,6
59649578279576,4
32071556437340,4
48112850220925,8
82352892880587,4
25702300680842,7
13869041249469,8
29692185525420,7
16828876019396,7
89791747728814,4
60469563634902,4
46635843008483,6
71374328870568,2
40269709475975,6
14242327431026,8
17679616237781,6
68948353791179,7
65970921476820,4
5437624551913,3
18435272340338,7
33209303328363,8
55006597004789,7
83468939919391,7
39862366799941,4
37826013168253,2
20152349648135,8
51986980719868,8
1237174391508,8
2199028524826,4
98733764511300,3
2594829014474,6
29670882619040,7
71284661781548,7
49319992896067,4
93086143720113,6
18314795474297,6
38406491061235,8
57386049674639,7
82808127256079,4
21828400449637,4
29261806921402,8
32999496418909,7
37019002426013,4
71422075478374,4
38514166842632,8
77198636541562,7
19027977830725,7
66718966634011,8
99047405949118,7
71701633270588,7
4127571061094,6
24688733916087,4
4545366668605,7
75213975356122,8
62128024238778,5
72173321574215,8
25113222835387,7
61299057751842,7
14316213664633,8
13323745623362,7
1189944503231,5
8933994090573,8
58970541457609,8
88996578764230,6
61887612955991,2
6151631482033,4
47675089677169,3
7190993463934,4
3144785983066,5
6757030936781,3
97758818231183,7
45188071655457,3
69979385212367,4
97062850202909,4
26995271250431,5
28828931358938,5
9265531617124,7
65185637762200,6
28146203027280,7
63475459837085,7
2840262781021,4
38166017780775,8
43655438872728,7
18782540103243,4
72354080339312,7
41546110928354,8
93489496634629,8
69463168958564,4
34565956106789,8
70610070402496,7
17095011249327,4
21944063304783,7
57772332640403,3
42190498827965,4
26900380152847,6
98609657063959,7
92613821293047,8
54674934271536,5
60216110257610,6
61002904686679,7
99622503786593,7
84465893431650,8
96702498103038,7
95147738551141,7
23433436430340,3
5051084219640,4
9780102714046,6
6765838200830,8
12181616650306,7
29137903632762,2
21643746868243,7
28717433677648,7
12353409431174,6
36727640413114,7
91814029302088,7
68720782414123,4
14663221083347,4
43285544594138,4
9505805413373,6
35211068756870,7
18773537324635,4
5404307172529,4
96233809571259,4
72202757030462,4
69360699778999,5
29300996246370,8
85105912431997,2
54052780522561,2
79127055260086,4
62131237374040,6
12920347440594,6
1160316305217,4
35396151102248,7
26144335137306,8
76395541791615,4
2895032064809,2
56845164760474,8
35940363773687,5
31001703769409,6
30589311466692,4
5988422724785,4
26746272151965,4
63200471123907,6
34116124003280,5
9659594108815,5
75030069679201,7
30276249229205,4
85204193123766,7
65150624233626,8
39900874199686,4
45179646226942,4
22820228389485,8
23717007225971,2
59400512461016,8
94074127095107,8
84418914669841,2
65147232143466,8
70863238312010,7
61547763575123,8
6099283722022,8
37418865698284,6
86290394093684,7
85960096823935,8
94327388001394,7
7358513276345,7
98934650211010,5
17670070947109,2
93098354172987,8
13104217092406,3
63415193036651,7
96069877667680,4
85157817769295,8
3225834836610,5
12606912651409,7
20259903633192,7
27437381159521,6
80037501122161,7
1301902521718,4
27033040102636,4
29142601641632,7
41632095555186,3
67212630042207,8
48723398961759,7
15844241844582,6
5936736606039,2
94369205220781,4
8496122224427,7
81522823749091,4
89911989033465,7
6365533945295,8
81404005791932,5
34897004311788,8
3779625802285,7
56591860283105,7
3205286479611,8
33368896966589,7
37705618848501,4
40687281340895,8
5305538739796,7
63360086213497,7
41438560085717,8
65876821660936,4
26844488060914,5
94224063880433,4
84310208643191,4
2745518922220,2
34961897930800,8
95297896530548,7
32585988657449,3
20208888734684,7
19894658272847,8
23137784772964,7
22545380900785,7
21724852883224,7
7590304612739,5
47043830548717,4
67164777820076,6
12468859151131,7
3055127911315,8
33055239242753,4
23330974383964,6
79677185531976,4
6000268293372,8
2393806075763,8
11829618040465,7
40300741801301,3
99110798536228,8
43173094430141,4
98192458661526,7
20930799365448,6
64833765949947,2
39394056536945,7
9256713825256,8
84483424252006,4
6352760861358,3
3918089499163,7
90946693106206,7
49148493875326,8
42461227144796,8
8986466249005,3
51020654898075,8
14419361884807,7
22841811523624,7
8164762398344,4
15935090313383,4
22936017804660,7
12035156836937,5
8535297192630,7
16833170986692,7
21647713291904,8
54813435793225,7
72504404194672,4
41370379345528,7
4363754278485,4
89972067806705,8
56303535613760,7
77353271875578,8
46132522489003,7
24258081547036,5
23205806158885,7
17447429865797,7
12383557570072,7
49358509953509,7
4266026632068,4
1988575127322,6
38157269911285,2
22991620647392,4
41692708185485,7
67376436122479,8
48928942608556,7
11605788009020,3
90263847222274,7
20389369046738,7
34292267994500,7
94288147677203,5
85727871372048,7
99335437023964,7
23263004015483,6
21441670895300,8
45184589554950,7
38445539699473,5
38921786148094,3
53164113484084,7
29025966878131,7
47502820739127,5
76614775955581,7
96827044379904,6
89400504900497,6
99549321077531,5
30061260468244,7
13968145048810,3
76335799903190,4
36349651552796,7
1753122477274,4
24194219546058,6
10193103368515,8
46777737358755,5
35318468250898,3
70455767120279,6
18803366846983,7
53671248102072,7
29958814014263,7
16162435239763,8
59293216901644,4
28373821100046,2
79007203748556,7
24198514513354,6
67415000707873,8
85367926668722,7
99153615584444,7
13074801352434,8
49260266920046,7
7692722382922,8
44401493463428,2
11859006527237,3
15616548196735,8
84135036687566,8
85728073056042,8
99734513751059,5
77198777466248,6
77607003061773,6
25573228708042,2
77207435074514,4
86286990277909,7
39785302511172,2
75687351119076,8
23486425166406,8
32535677006657,8
7246256536446,5
18271858484111,4
14336800791835,7
25049195244462,3
84594527568493,5
53310326588271,6
97866054718391,8
40584442388652,6
66207785009200,6
53378924886293,4
75326023642099,3
6607093972876,7
31611212537851,8
36469406400948,8
80334542300459,6
38424064862993,5
6534136925636,8
20070604373252,8
99476823118986,7
22956801979716,8
82709273519162,4
13071111341979,7
34433849410832,8
83756725211465,8
95056997025535,4
17395811702468,7
43083999630879,5
6941859729392,5
28644045293726,8
97608290148717,7
11747374535758,8
21986580820107,4
47494670908082,3
65589686084417,8
90800666497962,8
98127773785441,8
10798743705788,8
18061575665772,5
15372918141445,4
72809018470940,7
3183401195229,8
85853257973170,7
1980562351371,4
81188096938442,2
10811500291771,7
84740661860973,8
96633877665406,4
92832429041473,8
25301854123332,8
31229886033518,4
14994961019397,6
3328815589720,6
28767942711811,4
13349252834590,7
28498188257895,4
62389235947224,4
27880022813047,4
86776958647505,4
3935396554034,7
75325374625202,6
40425151564881,8
31444486963689,2
88129314366367,8
36199166680120,4
29614882920464,4
98347406541747,5
77627884612881,8
6292312770032,4
92454202439377,7
58047865394777,7
64184032492445,8
30568430121014,4
3217482273323,6
21251993504304,7
31453083239508,7
80492781669403,4
25775231020193,4
39282457778566,8
59198723252294,4
16789029736180,8
57549581963933,7
84225228289458,7
94073332704976,4
88430145407966,7
55453379862637,8
39295993205091,7
11812327026739,7
70026153156918,8
83933077270398,6
31869840975606,7
13878222969930,7
72194787067819,4
4716174812655,4
61341664537390,4
42564215770674,6
46893084807006,8
11064169029779,2
21737909733991,6
42451886915366,8
70520587986461,8
48268189602788,8
77748349467496,2
78556142154209,2
1546678127780,4
66469645401552,7
4691306264696,7
74736898856704,4
63986463996829,3
79139697222977,6
43470795707792,4
50929857713071,2
53524438610177,4
24473272358314,8
83138775357489,7
2556586273799,4
11425174065809,3
30954137385606,4
4304624376480,4
42971170024880,8
44702149653298,5
21110625404342,8
20092418270207,7
43194569266621,4
89959517696914,6
26947841196682,4
58588277973556,2
86823990588581,5
3260968290576,4
24838847968991,2
52447292053358,7
8264196640857,4
66577524014470,8
28673899398647,8
21325273864961,4
33853776718241,8
42611473283101,7
35035386745012,3
60285362196835,8
62522321754624,4
7782794357270,8
52282872751703,3
68230998339638,4
12267694849109,4
18357787998613,7
88013428326983,4
36722799879449,7
74926559967526,4
29610725415046,8
70610184530006,3
6245965193914,4
97329217902300,4
73157465493165,4
53820626440318,8
63441669356896,4
29061210025848,7
83009990718991,7
29383245113782,8
31376190845710,8
30198026398130,2
98827890962250,5
32504879961334,4
4987506798321,7
3261286341523,8
17331278853586,6
66972842003132,2
99064446707814,4
55835082627453,7
58253490615361,8
6258294413725,7
44213867133064,8
79792970031990,7
33110904708156,8
13676108625747,3
73539491313008,6
91994489113150,8
93759952187758,8
94331549406751,4
5949259839156,4
34892847475660,7
60177655990810,8
29284255400379,6
5540897788438,6
70550409167112,8
47701227854815,2
38582767828140,4
87944821168828,6
7002071254942,7
29177113840131,7
2071243344477,7
22214504991570,4
46231717567616,7
44792953353608,8
82426012955800,7
58614635602945,4
50501593324855,8
66924820588583,7
68741794139405,8
48117371528691,3
97733493821412,7
51127388270654,7
66698009120353,4
74333368579759,5
70528521258144,8
4982281521294,7
36456510132821,5
34631185492698,4
27853359353445,8
41262821222863,8
28317799601440,4
58249241146669,3
60328310473950,7
16200982749674,7
42358035080891,7
24816875348084,8
44938940548599,8
61024254044891,7
93373547512512,4
25168710137156,8
29975664713681,4
28721705100364,3
84036604282384,7
87811143241105,2
3994645807287,7
16820286084804,7
21837037743900,7
80509843025960,2
98514557390579,4
14612008919211,4
29215179354601,4
80101506179562,7
16252522357226,7
2272575069453,2
12211758878232,7
32093151123696,4
41103264090419,6
89615206424269,8
94168344772322,7
84681073641054,7
92445633706732,2
32204056344514,4
66001794793900,8
23327215972761,5
88104008054866,6
38887572933184,3
30988853018694,8
26531183146126,7
76541570679679,4
30031755288210,3
67899923239978,7
32260678893564,8
50539060742540,8
19993442520655,7
53778789772356,8
55225588666600,6
89722525305724,5
46854926825779,7
36001548850476,8
24203475485479,7
84916163870326,4
38269142497620,8
38487784879555,4
30829956834915,8
77053047946997,3
28683225979175,7
53730322985441,2
9595896841215,7
9277554802670,4
13294025008783,7
83207469032399,7
74209175074484,4
75046677312699,8
49526557846111,7
58541263498508,4
14813579034320,5
1182183613327,7
23334958208714,6
15252454893670,4
77263411882632,3
5021286404307,4
10360210677053,4
63364381180793,7
76291819933980,8
26852734466803,7
13495949614346,8
90414620832753,5
58421200980629,4
30551050669882,8
85015426557392,2
73509128994964,7
27738355399193,4
47687833951915,4
81304657758458,3
35086626981437,5
12654039154133,7
40446936704013,4
59047283812795,8
28197619616431,7
46635494529110,6
99635620525043,8
80986137673094,8
23554245438295,8
40043043735500,4
80050449393143,8
10936096962324,7
11832837554365,4
22437324979655,4
91101804973401,4
41786525353806,6
93051522805488,4
76691805147902,7
33870984125894,7
28205977997466,6
16398958479248,4
64833072826253,8
69700158397134,5
25406009663121,7
92140139550836,7
91573956215488,4
98613239747394,8
98634538456431,8
8122862930777,7
9484568740064,7
63570034434957,6
27110531642765,6
42890973675486,7
17275135433012,7
37655500483040,4
75910479086145,8
93626076953516,7
39294764587627,7
14900002377902,5
34846078799860,4
45746621297807,3
10893211478554,8
40270847589665,4
38943369374699,6
55272656383930,6
47829859556191,7
93334115101693,4
22811875569134,4
38139525256651,7
27046625444490,7
3711180452364,8
65134380716778,7
32612878492906,8
82734699851611,8
74097346938328,4
50380995110887,6
7023506848630,3
11030593745442,3
75910356286923,8
31359026791587,4
69708581078965,5
44196429773365,8
26161877791549,5
13439448493757,8
91720025314725,5
81983339039373,7
40829334180794,7
17554955888334,4
72185875162935,6
50935218393443,8
48645903342431,7
30375019706223,2
41082779477548,7
20848011326267,8
1418156150370,5
64459433056573,4
54890283775744,7
13461665175059,7
45287544724305,7
75936134598952,6
44560954463690,6
72710215063796,7
99467222262766,4
6383625321845,7
16338917514843,8
7916695868185,7
11107733154149,4
26410434189372,7
43891065662180,6
49332963964276,7
21733606058312,7
10644184298747,8
94077351947327,8
16226752553450,7
42108357733667,4
48590219779940,8
89263780896590,4
46283345994304,4
48031723019103,7
86407208466085,8
89250216970249,4
24658094304094,4
77932842351322,8
53104305912535,4
18250383647631,4
42976566303816,8
28674281887008,6
82502748213954,4
95194690436488,8
38221939992678,4
18649434590832,5
38638496365359,6
21531551593404,5
89160728014667,8
94172922588911,7
90259937324654,7
78534433206932,7
93876171492817,7
24431035878327,8
80690969857269,4
59043877200768,7
81535686538531,2
25327812121110,4
68870688487999,5
7009998776514,8
12491019026004,8
25414388636269,4
80136441564423,6
87742845387456,4
1186489144339,7
72774593078445,4
68784420165744,8
43350203135955,7
39072566270671,7
13894668117529,4
22472040410981,5
19671245496442,4
43152682824684,3
69412399628199,4
90452692383449,6
12224622071072,8
82811606115105,5
15763601203394,4
18263296205559,4
28455592712487,7
46652504503933,3
98308237966800,8
7481999021098,8
85277389138010,4
32839690952583,4
11434402541166,7
1671424175867,3
80084025794659,8
30349326868433,8
53464318650777,7
34240040413271,4
36315240713248,8
15659782244504,3
16300486702546,7
65585182764282,8
98608617983696,7
32590970517735,5
87278924030237,4
77658239485172,6
93893286022638,4
19675641094051,2
61573894912167,7
38943674536272,7
55599806319760,5
15449920079636,6
11185166341216,4
80806678376855,7
20282278115131,4
42525297569662,4
92635388166356,8
89426942425870,4
88644378536819,8
4020635085604,8
57441631736830,8
93184727122553,8
38896280237733,8
16915059713274,8
29623322494943,5
63145808584831,2
54077933935247,7
98797805873341,5
15759315741703,6
51785584934083,4
28197742634832,7
1327199593518,4
80583477177522,4
83323440416560,7
69029741715446,7
55113964047997,8
44552434852798,7
28365146296944,7
15934983357588,4
80699559791861,4
96663785452289,8
82451629874885,4
94078476231453,8
30812988881907,4
86081166065703,4
21613181867551,5
35795014365710,2
29056376089073,7
46657173294664,6
87626128922740,7
84795670739318,2
99618516952997,8
16992200108048,7
2426771741358,7
65696903695050,8
98845403375718,4
12142096356052,6
10974615161489,8
58253700874479,6
73560952653389,7
5004580500605,8
2478335600382,4
8565487308173,2
17631729857793,7
93119426414680,6
20642806978244,7
27622212787857,7
34614376143166,8
79522262121013,3
67183327823855,7
90127044493840,8
39209106838008,7
59654211962343,8
71035653852692,8
96380142411394,6
93171684049600,4
90319627079523,7
19178556055091,7
48391979858064,8
41194236473248,7
53425498606792,8
79183297407692,7
24357975838453,6
92166778078920,7
62166899133082,8
31095655711807,4
76747185915803,4
2191591535126,8
38307674351553,4
70980024268705,7
22884228377386,5
50858157691368,7
98497124709035,5
34352395831550,7
79234255015659,7
49608313863263,7
26938141520218,4
84156517582151,4
5807568890762,7
69343519909815,4
42834720673449,8
2943493771551,7
27995748084863,8
82133389677383,7
7795418864291,2
26913353950366,6
98686837178629,5
89606588833686,8
87316891277428,7
3011440842186,8
72829862749739,7
29807912905411,8
4437923777143,4
34532062330044,8
45622210457502,7
1370152483646,7
25113890161290,7
69163219915158,7
9281724655282,8
53220007371712,7
85037572975225,7
33231611142984,8
11516034030098,4
61976378992491,7
92712201925373,8
95087202118738,5
34734182042476,8
15656214788284,8
83237623985679,6
82394653146463,4
33068201801681,7
5039201775520,7
14320686727308,5
25079173687263,2
8539465965493,8
84800548899583,3
58593433452248,4
37126569289502,8
1147384889027,2
29021764074179,6
7177760827052,5
74720466929999,3
1753041895153,7
12614383345820,4
36199231837009,4
12641151925119,7
25363045639654,5
33648021195006,7
41821439887900,7
14732894497415,7
49187409114509,4
48112899399124,6
13848381808072,7
49895884611693,7
59348216254612,7
68355012920047,8
26578474009226,4
90109613469294,7
93983509659016,4
5425809721442,3
43135424161467,7
28030088850593,4
20307672982492,7
45007968200513,8
13912646971663,7
46678877786798,8
92767204776052,7
79281698441933,7
1657991057144,2
52009218552128,4
33286017080533,6
36250439009741,5
19010623027605,7
23622936461774,7
81635724846418,7
27420380857057,7
24202182377513,8
16905662197891,3
3858037327511,7
5597526033311,7
30314226474142,4
74316249284390,8
59602675817131,5
26024499657918,8
24116823794955,4
4334615717676,8
10472383986570,4
16248947094994,7
35665506188344,7
96092001043959,5
3643417932407,8
15462375773906,6
38471031182330,2
16639834083455,8
25465928243821,4
47971032344518,8
35679540794193,4
34605786208574,8
29511602159289,8
66942801868117,7
17438495235279,6
4514881392578,8
8406187431553,3
31947210536139,7
27776659845030,4
28794895128871,7
25869720300705,4
62866038643010,7
54431440031238,8
11464451277349,4
37547531866266,8
8036419489073,7
34820230078669,8
4364851012857,4
52283704501184,7
86716444278110,8
90212451582656,4
48203148097204,8
3049997927896,4
48748268786198,6
90470500751237,3
69244724610997,5
32157698307125,7
14720009595527,7
48722706762062,2
89430408597296,8
17141385401850,7
23537802435682,8
21218206049244,7
57797984830157,5
11232566191724,4
82236636126802,4
16016299155946,7
72130244017183,2
49243090004575,7
81240086885537,8
85757612009244,4
78864747915394,7
96447786222435,4
43637446002511,2
12594092011791,7
44994722257196,8
60199575332655,4
74239509824201,4
52829208724131,8
94004714224236,7
53585332218037,8
76829602087489,4
20273313244124,7
34657325816126,8
40764615339015,6
98038371387965,6
8075256446343,7
17601714506510,7
24134279119383,8
3239716104787,4
14046075805915,7
12352853988645,2
25650544669711,4
26806237912795,7
67156956520415,7
27892287033683,8
32655360340700,2
55448815996012,7
92982397507858,8
49942906375145,3
2912643679003,8
80171300380107,7
12121776301845,7
21802310977418,8
70704421098643,3
92613678257540,8
31470293595333,8
45725415761851,8
30598421917881,7
38452987269818,4
36366373531154,8
56861194548749,3
69291237286363,7
99820476389922,8
75174854168044,8
42224943150120,4
51587551530025,4
28154948641855,4
26251610967501,4
36461455364309,8
73603779992118,7
3874375173373,2
4480718035616,4
41133578079064,8
29572380646942,8
71572358663341,4
69072925952951,8
76833992767568,7
12314956617365,8
78362598074542,8
16011948880472,7
12327334990052,4
60590297025036,7
6674492402387,4
45235911007932,4
96178270266255,7
98720901469203,4
64468419426219,5
12159899285468,4
52932341202115,4
58669820728566,4
18284261783777,7
44659177682114,8
66371307492220,8
11374314449656,7
50479274476058,4
3290171459619,4
61650619040329,4
65460528109253,2
81609625365292,3
92785262860521,4
82278893113308,8
61783265021887,2
89370907889942,7
38905062546127,7
42216156623875,8
74750361667849,3
17588868274281,8
18911979190380,4
2668259380874,7
62733498782776,7
2766230987734,4
1263139037110,8
39862133959005,5
65236724705109,4
12735496183651,2
44174791083658,8
8591416239462,7
41971510283826,6
18860745886809,8
56290466397914,5
65541989192602,7
16412200929369,7
73985856832027,7
86870214678644,7
20342199019624,2
39531354003860,8
52558679047363,4
73475480169337,2
24735883620403,7
35327646931817,7
31358098368455,7
53163991184502,7
49874408779171,7
38359879930820,7
51106390309298,8
38616974843467,4
34557998381584,7
5412681726985,2
46713025225686,8
80900900011624,4
16858827369479,6
12997754684319,7
84921618255196,2
51540902515451,8
35159760074255,7
83426521542542,6
93790041383761,8
87751627633024,8
69678343333331,4
88670928414912,8
49796649752570,7
67061976281966,5
22605251468146,4
27441817824215,7
72215945322194,2
63664785841252,8
87313341027639,8
12310113772564,3
92785038963276,7
29889702172565,8
31289741104740,3
76576318661680,4
21569988895560,4
38577535324704,8
32385575323972,8
11322634647863,4
21626376941000,7
20153054159836,7
26332513403706,4
61113686504369,8
32294189237554,2
21407219609403,8
49474243038420,8
67998519792639,8
87116026802080,7
3536024278540,7
13848143263030,3
31114056631225,8
83340703200783,5
3166335943133,6
70829652056812,8
23288600111889,7
61486879172473,8
49393191049837,4
5695203261054,8
54082811990080,7
5799676182271,8
22321907846581,6
89765754279996,7
86192835157421,7
34467976691760,8
23262371506424,7
37431167177261,2
2882867402683,7
48925039614573,4
9385084254923,6
36371030528849,4
81545002689510,4
54709830547884,8
57201352441795,8
28695743345374,3
10853585010877,5
29154919032895,4
76695231309515,4
83319228364303,4
29618840756660,2
88340423749612,8
16476804919104,8
29267316703080,7
17142066196839,8
79363341034029,8
27866182198899,8
97139950494589,4
23807101580325,5
12559409921629,8
87519148372608,8
88012859806230,2
31414155733529,8
4887720863631,7
48856539994222,7
93450122236628,8
81952815004283,2
5159462233394,7
77052812270326,4
86295688048544,7
12662407813121,7
50844763585218,7
63557855129921,7
29481832996021,6
20337837002264,6
53447531271163,4
19397319720284,7
44772058884692,4
68261063110710,7
68669048608568,7
53885586559878,7
35885366789581,8
41507652057059,6
74226399843208,4
27338626157231,7
59692875971509,7
83633133802592,8
70692246635037,4
5789907560209,7
40506543996256,4
67174330915255,8
16811696150212,7
1448699557016,7
52987554146246,8
61745531120965,8
83284176464234,8
18567525711582,6
25977210584330,5
21102195754716,8
25380239859345,7
99781538758688,4
93021233203315,8
62531880820967,8
29541528505646,2
61956219653978,7
76644762724881,8
15733023523511,6
27067889739753,4
45059269853440,4
30332139254455,4
23219420294050,8
1380090320514,4
88782186353318,8
15368275109477,7
78182222727327,8
61157206595462,7
85225905406200,6
88244690927125,5
80243555053608,2
95555919273186,8
25882716714187,7
52146554165696,7
70464650762834,7
20329147818972,7
49320363717340,7
36332377135823,7
16548714548212,7
88472237480052,7
44187747358096,8
14582540606725,3
38526882670694,4
21187958911486,7
10730109255904,7
67916720615524,8
92240171449588,4
24095206600953,4
9474992869245,3
35404558580996,8
19302453777910,4
25693742743319,5
2723218229303,2
1233723220879,7
34041913364212,8
67406506480420,5
36632961756092,5
14831504039107,6
21758304626379,8
14603619586504,7
30284818944930,8
51810384357783,4
37297495999464,6
26934941890680,4
29979200861492,7
88675043349887,7
36594273202375,8
14963830654491,6
21565557985837,2
44225614326916,6
64197924177871,7
18374730287561,8
29666471390369,4
40110715054765,6
13925665967051,7
62067289243583,5
9647142421418,7
35248898770483,2
15617224070647,8
58781124557316,4
16016764083281,8
51243599810094,8
12538173206935,7
21020118652330,8
86419707555650,7
17459451817036,8
72495946917819,8
94202716800249,7
31178196787851,7
81691219725575,6
41490439286174,4
60859687495531,7
67985963963459,8
21291092584286,8
9205298547814,7
12404947082521,7
38655513308004,8
91393302181108,8
42859838289694,4
3083942196899,4
37599381233638,2
64377959159400,5
90869836926220,7
4243660903019,8
48804696971125,7
10395101806816,7
83976540812902,7
1474678063111,8
86059464847264,7
2212210387339,3
16557806459416,8
37023428630919,8
72413813592163,8
94507756072665,5
54723223199033,7
23257678069542,8
88675425813271,4
96113578899644,8
95194451534127,7
13006366109764,7
66954367694349,2
83005104459966,7
41568018188957,7
35980463236658,4
86402606305920,4
76030539034464,6
82464439690176,7
86449169119300,6
63566223408480,4
61363710549300,7
25697796252094,4
34580035829332,4
85518336456761,8
25977240313489,7
57343176879592,8
9179530023493,8
8376264328233,7
14380821715419,7
8908810302602,8
8771289066816,8
39638718730297,2
17588585793476,8
26448951966547,2
38878117390779,2
64683190587326,8
7963465519985,7
34828644494423,4
46128314665198,8
67341564034157,6
31903982742419,8
18907984030895,4
19726990434819,5
80729397969805,7
7178089950830,7
88609934400702,7
80725379569774,8
23907304170913,8
27174383575590,6
20805485204686,7
24860548816529,7
39669085669101,8
22051317417177,7
48813021248903,7
12061413313824,6
26659602648898,8
44677219422034,7
5486098199543,6
8324592718586,3
73527017533656,6
36095155775064,8
76215114549653,3
60705914632156,4
51188134101825,7
52429953885269,2
37980891366978,8
96762734418986,7
49041119692926,6
95684137859433,2
88670700356087,7
74823398141030,7
71701146200203,7
48043870483983,4
14638514307212,4
25371217314170,8
10734460824658,8
49418452227800,6
11035175501094,7
6923937469895,3
30925119429101,8
50114632028508,8
18077698864671,8
91942571055220,7
34884828445399,4
73827112550474,3
21329842586255,7
22416100015345,8
81102820301403,2
43607834657966,8
20638068559266,4
3736894821420,8
8569730311904,8
86845487103651,5
17013697852196,7
40325468518251,2
31633545978682,8
2144144536543,4
9698781940172,7
10609424520550,4
78487501769821,8
67247727868597,7
40875958776228,5
9049794674713,7
76902458335837,7
24512088354947,4
94816270773449,2
61075618595743,7
73096115895598,7
84778433379638,7
83739621326369,8
84895398253807,8
99051512138710,8
95143069159772,8
1511996679858,8
88807879122588,8
11352294500722,8
37135226400192,6
10110420499758,4
86991780563950,8
48908079601774,7
93622655615680,4
38913110931741,8
68931223309397,7
60052740801242,3
99334412730640,2
76099319438862,8
88920246279328,8
24830300037952,8
24911819212407,2
48838703167160,8
83306027907410,6
87352572919785,8
38583037244552,8
19246190518378,8
34180612425309,7
96061936272887,8
37654408445734,8
10845541634688,4
41228412903713,8
62586348175344,4
63952711561525,4
65275772086115,5
77701791673524,8
30104210141204,8
91972777770197,6
83220747628408,7
54967362181972,4
65400624983071,5
48680263080799,7
24714675223260,7
18860474054283,7
80110603729628,6
83550557337164,8
13100569584808,4
25139721690769,7
52596170469583,7
36130513672911,7
10961839129033,2
12654515436492,8
68879322076869,5
97965000364075,7
12580812881035,8
41554863795614,4
48332124329000,8
9603987366968,2
11769307501294,5
6735796137418,5
6817193029616,6
11206340146703,3
28342543389989,7
82408040279365,8
39428895674292,7
92372579710520,8
3192227251229,7
10115740441609,8
67165959621065,7
6193993249391,8
80381782570452,6
38986095568558,7
8582189833699,8
43663601552470,5
8298843560486,3
28317803924183,8
2608046574678,3
28201853040583,7
18086652049791,8
23378591850023,7
64442972123462,7
3225525708570,7
41864229886263,3
49152631519701,4
51871568809068,3
88301056030662,3
63647747636501,6
44140274732430,7
29988426464821,8
84715091639730,7
48753277524831,7
82919713490736,7
89529809388818,8
44909017516701,8
70059992558165,4
22180674985562,6
46940319656504,4
11265928280594,4
10484648172363,6
12336424758918,7
70785394411295,8
70837999464083,4
30168380518376,8
39450735256973,7
72272841838746,4
5369794737340,4
81274722119286,4
80286481769474,7
12186076347988,4
33463604469962,8
68440401221488,8
95047962340484,6
63210065936520,4
68957134950148,8
95452450750385,4
43818529580061,6
61436318543782,4
39467051558023,8
79217883732114,8
79041772345897,4
87051458411065,7
71903589753064,7
24696376404910,8
6877290021069,3
57785359206938,8
84594832555442,7
37585669211776,6
48791944409915,8
17893682034369,8
87300906660542,4
97341247593067,7
9316610495007,2
30843197050675,4
54422371212489,4
72142639098299,8
93213880752874,6
93274190742237,3
89666983083509,7
62716322155050,7
36632486639024,6
30834438604473,7
8573263196118,8
33970254925660,7
70992434762849,4
30581641027263,8
67779893118962,6
80840770469480,4
52764789311113,4
90971704872692,4
80922542637341,7
3982591344173,7
49165757513805,7
52915491211071,6
11078261352748,8
32011367639682,4
42571879475379,8
62256248686071,5
79277668464384,7
12125758176725,7
49114259776163,7
71065958466101,4
56390009630940,8
60710418874847,4
17176633853457,8
56411333480928,2
68613411104328,2
39905068578166,4
47997282560554,3
56754585510001,8
13649603884147,4
87037718403188,7
8131589300676,7
32316369573212,4
9801360190094,8
81120114101328,4
58442779254169,8
73797451454191,8
36181443114091,5
55500420701645,6
80041859458551,8
87342457507572,8
70172451573482,2
17163741411039,2
49552242831264,7
2843473467299,7
73312060522099,8
94662518023586,7
19328608955412,8
28713138710352,7
66697206722159,8
46364652878380,6
7448679354704,7
32729034092034,8
5274677164827,4
17970753216575,8
62355456218812,6
54427190468925,4
60147581943534,8
80703895811978,4
58597336914406,8
35769128216358,6
13689124621506,7
94516298442036,8
81948461620324,2
28270422792828,6
11825207221188,7
87605218402925,4
11202354891286,6
79548281961252,7
91788520408656,8
16098215669014,8
33737799242487,8
20728671421415,7
44179086050954,8
25268508983946,4
72116949670948,5
44677004287472,7
46064326144666,7
82459200455835,7
15282687019532,8
4871747042900,4
52472727298874,8
23421263473182,3
18168256817189,8
52703760850381,7
15695192955472,7
43225747754514,8
35825348241510,4
77919899450969,4
65662731240488,4
73543715505024,8
90611691645859,7
2534500081364,7
3346905756252,2
6451748461559,4
37620126020378,5
49216231632895,4
30438883927619,6
14797481208240,5
35945830079183,7
2680361822603,3
93575195833908,4
93609770713792,4
96318988467952,4
7985132674939,2
28961975427111,7
63811350298386,4
94524575337756,6
70644996115053,2
27896159884776,7
62969866513098,8
98604759374120,7
81016764610642,3
76533293775922,7
84908123087525,3
80140160885226,7
20831658992604,7
43019460044475,7
76490107862408,5
88433577117218,7
18916228549389,6
42117919108081,3
83112505803887,4
48379760160163,7
45269892981606,8
41572100046916,8
67409810325437,7
94005420995291,8
47697017766190,8
54104018764722,5
83014195504064,7
76941392702331,7
91264602870869,7
95950267123191,8
35546127297330,7
3768149365104,6
21798039276135,6
79053927251055,2
30920549782816,4
69932176520097,7
7856736881237,7
87644041478486,6
15698598975186,7
27166595459474,4
77916306763385,8
78293690367440,8
81038626587449,7
92698485299316,7
38832048102095,8
61814119973461,4
11640264071403,2
56750328144836,6
28866866015694,8
6971753922601,7
42778962376675,6
78104711806416,8
78641795095203,8
34713002996121,7
70257995219382,8
11743828461518,7
28833576759160,7
5412899669755,7
67379785457738,7
94533501904018,7
14037016972482,7
49483473210803,3
45866566444541,8
95632757795322,8
34687167685263,4
16038376650436,6
39226448341432,7
63506480507912,4
46090218967917,7
83314301402200,8
36122215524213,7
9969811762148,7
21231268112490,6
66023678867592,7
90882991512979,5
54448708392715,8
49595324191130,7
71258046481930,8
26728404289005,4
4772557960079,8
68836461770803,8
49681310815289,3
72456743070551,4
25637673574537,8
84036397720512,7
80509677898411,8
19521269592203,4
6898599943843,4
94640876086418,4
27892780303965,8
4243428311907,4
97233983690113,3
52407874430145,4
81665829617517,8
48744813565160,7
4094170978976,4
47203139205636,4
40093643397637,8
41271187300293,8
46275002814901,7
79423208264813,3
5523667693212,2
17786557348245,7
89374932959815,7
91736683519956,8
23709338370570,7
44896235451560,5
40175627268212,3
98184225988588,2
8015872710179,8
96603327319771,3
29975656977696,5
95796312141603,7
73126180687445,4
46266032688375,8
96191010727817,3
65348069078615,8
97964515201540,8
76167307925180,8
38491830737397,2
10369493429353,5
11919248039629,7
87561735893761,7
25139261752073,8
28210527474288,7
36250772757199,7
49457266343303,7
81458473075867,7
4239905373866,8
81661202676180,3
11812438171281,7
98737655956379,7
2224798328602,6
6765773090414,7
28441399108527,8
51673453198661,8
60783789106217,7
77933618699651,7
41695712386639,8
8607243640099,6
66637361242541,8
4944371006179,8
2285219482193,2
73401688819191,8
17695975256195,8
35661870438140,4
5451301180913,2
30576837847955,6
80664211832961,8
29314171199356,8
44638922678195,8
88029855848564,7
57313110405463,8
61148541032313,7
98651106397940,8
14092847001829,7
19753622201308,7
78689460345454,7
36950323094822,7
82026292065801,3
66152283431817,7
1808236071411,4
50918212226449,4
11013385038673,8
96950462048119,4
89765383977201,2
3106491514355,7
55612056255029,3
71391508739752,2
89576551718605,7
50341867863123,8
67637894536509,7
77456402843944,4
56904216437855,8
61698369447161,4
80741946636649,2
14853179783480,8
12757215071468,7
90654765788149,8
17769797028312,8
15390080468012,4
55732991901265,7
12666924056021,7
28064598648656,7
34252796103634,2
75995747061978,8
10196958245087,7
11579661991718,6
7980837707643,2
13869620331521,7
15471358236055,4
28249004331838,8
51286344186788,4
10214902781734,8
59833576557432,4
89847293329344,2
30555133550107,6
23068818052522,8
11344167478176,4
22128630006343,8
91526958214805,7
78835329855556,8
94314552222169,7
23022288717947,3
68772451629526,5
53009409647889,4
38230529927270,4
61148344784472,2
76988515877441,7
22432957198234,4
66723258114614,2
7684513610868,4
49225826814832,8
36571967161944,8
88824815327608,7
49620956769902,7
23310058772398,4
18249956042614,8
39591588397565,5
97724458492815,7
98093984773393,4
70438776014880,4
53576665838795,7
21153137569368,5
14431760571042,8
51355451150893,2
89465418509142,7
99807228810405,2
86299937153656,5
6538227641802,5
46305144269949,4
19525793187858,8
28154474343754,4
13972712261826,7
34614668527031,4
19108397435406,6
90182627913326,7
96787914416052,7
10914678761929,6
50673264505943,3
16608673778699,3
42087852648438,7
84002037982144,7
28025175992111,8
92961528278036,8
97376778329228,7
13800892177348,7
9930479616204,5
26603278596813,8
87085855385880,7
75635200398546,4
61826055137131,7
14127028401773,7
27982990021975,7
18941586605823,8
29013974612877,8
92514822652481,5
58368650726970,8
49509294991172,5
51523086707927,7
80939554717288,7
83034830471259,8
73925032816596,4
5249559841125,5
25315815349905,7
19388690065874,8
86836782439435,8
6499212694829,7
21093778544324,7
51527243218964,8
22643163698868,2
14028457737181,4
39673672549905,8
70125414100431,4
46773281961955,8
70468358745018,7
65696727291927,8
20380687426524,7
35511646866984,2
25929965944483,8
44629720203474,7
78680412708719,4
63927165297416,7
80544207366270,8
1851305401547,5
73144065905444,4
84911589253812,7
90762445346975,8
61822865600422,7
25375588605196,4
85671990550273,6
11065283910777,6
83816563650678,4
29177235036045,4
36593877388798,8
76107201063115,8
31319978130604,6
30370780906528,4
57720919013396,8
85844899191294,7
29348271906989,4
58987951318700,2
47460173785120,7
96005981246225,8
86132025999852,5
27819538038622,6
5133887643802,4
93265884865116,3
24962551706948,8
11468058359556,3
2410014022925,2
7461861923411,4
34373870668030,7
56767690796960,8
38930644341924,7
62282721671577,4
90784211429638,8
82849921715956,8
12413709614676,4
22038960744330,7
21758831514157,2
22769100299132,4
72654500313066,8
52893080096505,2
96679893063794,8
19860298534479,8
18048725235339,7
20110443850479,7
60259059930570,7
14625301481865,4
30177751960665,8
84117856818382,7
80536115400576,7
23563322862753,6
90791751604162,5
91890944755854,7
70974998358812,3
66139233345495,4
15324936820434,6
38226234959974,4
18053269971215,7
68192283505002,7
35523744606378,3
25452641569679,3
9265334020486,6
35537259599824,8
11202501417490,4
69304953835926,7
64326956177066,4
21883385565741,2
23146059824149,7
36233432409146,6
20913409254065,8
28686865640081,7
49950544307182,4
96207539799069,2
76722035628524,8
3677444108904,8
15557609732204,8
41669775281908,7
65331710986728,8
19053250502324,4
32844263329289,8
52308821478451,7
76249512903551,4
36040278292000,7
49174287207280,6
81522876417587,2
35868164147369,8
28137408876160,6
15951874646506,7
9497716925074,8
28901034179862,3
66662918929872,8
83465566130893,7
56570345082704,8
26196088332953,5
6722712334715,8
23808540733861,7
66989534654224,3
93978513806885,7
73204384742696,2
2152044418591,8
42181882450553,3
74175012326669,7
27032630800730,4
92673237698827,3
52709252279441,8
11228021713633,3
25040745593649,8
91285254002127,7
2602810074755,8
46321970684164,2
56132140662623,8
15905351818790,7
41390694218403,8
3578645100796,8
83267779600097,7
24749034961628,5
7130384287554,5
65366133855144,8
69312619579071,4
91436359003381,4
9587307857986,8
36546467753796,4
34188281614367,8
19018811419369,8
15844882487107,2
97277781894031,7
97903780101308,7
41764407055034,6
62127885584578,7
62892311651543,8
12812945378524,7
96092600924080,7
81540077454491,7
10137489280031,8
60860980843501,7
84547876378124,5
48757186674055,7
33643126139545,7
64128993719420,4
5928093402932,8
91328757477450,7
2728263459140,4
55676459218313,5
34326674673597,8
99218986235518,4
23580617846366,5
63871443395844,6
21484100279878,5
38908831389730,8
95688275725353,8
6172381204331,4
61667183141732,3
83314842798725,3
10150288670944,7
2531240693565,4
51674046443451,8
84993464994606,4
48413641938126,7
97835818320401,4
48512426079759,8
7959811660265,8
46498642963527,7
28601196944058,5
26286714361446,8
75889334242013,8
26908277530814,8
94606516348050,4
77717644567546,8
26690094103708,6
17473121113796,7
18787356380670,4
4553732479648,4
3780559460516,8
36203695103142,4
68900659219787,2
48469473715954,4
37658455585731,6
81103108992097,6
6541409678000,8
56100904041373,8
54920242990036,6
52295935382160,2
96916284340669,7
51411384775834,3
3321084266444,8
45205099610223,7
4801924056953,8
59130008144396,4
20359417640587,7
12933205831909,7
49389137683107,7
70580079275027,4
31306762408421,7
82653258579449,8
42221022406610,7
26771185822317,5
9978145229683,8
18589384869004,8
42958822670020,8
38749681275233,8
61212648936328,4
58524165066170,6
14397793549183,7
60512607098575,2
83490936873920,7
53438853175155,8
25801334500567,7
50410661577096,3
50749932685786,8
16519335403483,7
34394855515592,8
14058560078389,7
76279846273601,4
28978837965839,8
98145089170227,4
24195073677938,8
78203783907434,8
95439190043270,4
45609489369572,4
54034983631643,5
7886419366054,7
50651665127938,8
18297837645819,8
76047613916135,8
71747796147589,3
6970937148466,7
11541992467213,7
11936364452517,8
88339277464994,7
13053468774217,7
43281486368215,8
39124083831915,4
46519892634749,7
70717624424841,6
1856235236914,8
95417435383515,2
71258672075285,8
25745145320833,8
55718689976236,6
29593225257413,4
87704030874845,7
64639655348006,8
8496799493874,2
82911062609875,6
78805443491857,8
85487808348842,7
41477128266292,2
53134108202346,8
3849486955946,7
39875316392161,4
90718735397390,8
82885436667407,4
80282712335176,7
48164749612341,3
33416187947589,4
14406591519195,7
35799104185019,2
4321924432867,4
66117755745720,7
88550665046063,7
77365710587240,8
34184907392605,7
21858325920901,8
72186576614768,7
76477259000337,4
9260707793560,4
16549589724167,7
30486856733248,7
70438512230132,2
19684238608501,8
95009104768548,8
92682370999442,7
13241742523307,8
24293003793866,6
35954626251424,8
36039447487714,4
83426054715766,7
65017777212791,4
66096222595889,4
82842579561737,7
39432230113631,2
31456787136227,4
91848834122311,4
44771461433637,4
18941903550869,7
31088287695658,8
76649164885346,6
73113664950690,7
6326745427947,6
28867339381466,8
9642478448758,4
76403904757200,6
12160219270680,7
24928547276170,8
14784342932949,7
35000935893246,7
45304847583507,7
80050370587897,8
61719543423341,7
93541463764510,8
25058087742068,7
65478235725596,7
4325815937541,8
25281393885834,7
58957368037405,6
1546300282389,8
79036929936647,4
76554228612560,6
13155917708959,4
86901299999909,4
80759486681554,7
32006142470713,5
37800677085417,4
52648353602158,8
41013833803720,3
44440324929619,4
59335800033853,8
18369833945626,4
54022704449684,8
77993361938077,8
92646861589328,3
81154775564485,8
19955479293397,7
83216149149199,6
17065082543285,6
43977352828447,7
55277313957247,6
85256257519026,8
98836742703461,4
98373402600326,8
73839809281488,4
18245220438536,4
29172433602585,7
18185745581227,4
56823825798782,4
15660536575442,6
28219217471312,7
16880277287960,7
28377858298184,8
32066739031915,8
5326069583458,8
82954060753252,3
12684164317973,7
94980085495017,7
11107099880366,8
65306238781897,7
23559330814528,8
54486786971674,8
12327594770722,8
58871945988292,8
23678243218632,8
51909899686881,4
71688549349335,2
44050227915349,6
87888590555636,4
2710830078792,8
33411121039380,4
26346461670561,4
8088154947024,6
80127632535225,3
92231050390841,8
9463061330811,6
59435001230539,7
99124621816603,8
6430198378845,4
29009689259724,7
56987126447641,7
84483132584484,3
8067182880185,7
6910801360124,4
27402920316057,4
8320551251566,7
74363791034891,8
10854546923072,4
39329825168627,4
54521349675500,8
39260569326636,7
66151577751955,2
30598590739686,4
26955223527676,4
29322919206069,6
73423927297658,8
60358375242290,7
24611136531494,8
33648200758367,8
63093991126045,6
28936263112531,8
94709595563154,7
61714469944236,4
23047521238485,8
41395962406587,7
25663645975178,7
28884908762671,4
46305067585973,7
20548191151068,8
34386103088123,8
72315126575315,2
81463921290341,3
89267238947804,4
84396920842330,4
81184367853160,7
79676304417258,7
69312951932533,2
19719354106855,7
40961716978630,8
23254200331870,7
99116128772975,7
51339154589801,6
19285150776110,7
75812010621388,7
8655049461485,8
85428196111239,5
82485636638621,8
78400896890828,2
15595782279061,2
4089317568103,6
63570099242518,2
13813587999369,8
27703838186437,3
18920054922763,7
84375122706439,4
9122567736160,4
72461434662063,4
2719269474762,8
45492706903162,4
30013969036896,4
59958366625393,7
65705064944007,4
51170895414243,8
1714132925915,4
26951422278436,7
32328818223636,4
72396764605340,5
82829292183519,7
81106724214926,8
34119645928689,7
51085796420287,7
46343178041900,6
37075341332352,7
72684926008328,8
7895111515974,8
88438872570814,8
13315371793033,7
14899524585167,7
14793186240944,5
42959212044628,7
53889599449943,8
38234742514093,4
25997656810892,3
74518879462217,4
75373855129222,4
15858045162059,4
51626034900160,2
40094921110206,5
4751477617867,7
1357487932619,3
20101091732311,8
22256612902879,8
70215095733064,4
9076055664408,8
25702230944715,8
67814610474371,6
83225033817638,8
48907464080144,2
9372379402336,7
74522769952698,6
97668510175160,7
74407195707281,7
53923937280270,4
52691939675662,4
94486033505343,7
83344237476013,4
49148230592886,7
89078711866827,4
90195822795451,5
23756012819882,8
16279138698284,4
68101482363436,6
50815105763208,7
74128350386438,4
85938277494902,4
77056666362882,8
9239881767251,8
8299159152464,7
25964372882584,7
10545425662176,7
42409041334374,7
91277293811183,2
86587789065891,8
2405611847462,8
25332367763560,6
10622521577745,8
39278140553901,4
82614775021806,3
33265495836331,8
67182093162258,4
78332103212362,8
32466507331976,8
25942850846281,5
38066873124336,8
98071983744117,5
88335125781146,2
88799903683707,6
6808499415211,7
23322697180451,2
28335149486208,8
67522598727839,5
64318381286106,8
86050710567700,7
51261695542185,6
91685731810866,7
27634431410986,4
8659208739334,2
80333144516358,8
96169680331663,7
24078255429066,6
2645972275113,5
19765803827795,8
72624580460859,5
60125462604527,8
39892719880140,4
79011748128387,7
19195306621333,7
40931901979363,8
84723772738104,7
38646340955469,8
13414250472399,7
77911956458673,4
28408075518814,6
5846083508924,3
41473080106285,4
28115943254476,7
88847128156132,8
89237244501535,8
79406129858546,5
1271312895732,8
13177853184528,7
70597303019697,7
23296745331939,4
2646447789888,8
58666049609223,8
27634854444894,4
41494331331567,5
7585646567026,8
25337228460682,7
24928191968580,8
35348261992269,8
84950243959476,7
17846931764487,8
65744123793716,7
91814006135158,8
62510284815288,8
5494373116489,8
42426718619763,2
82541558609367,8
77117173087624,5
93755470244431,4
6980204322467,4
56083938761064,8
45367804032936,8
5412680677215,7
42116805456375,6
34136644664401,4
58546141831678,7
66907944182189,7
55053883184253,8
65151278023832,8
82562588111864,6
13311520168022,4
6253552014388,8
41812596493874,6
99729314984623,4
15127892600597,2
8255527071454,2
68660083619537,7
8522378785175,7
21788637898229,4
47090620723980,4
36301413978616,8
21218671268324,8
28739060554023,7
63037597378973,4
30335667628566,8
3375877245585,2
25225288903598,3
44080410797486,4
27509641527993,8
9020718481252,8
68703831160557,8
23816104892848,8
5073610505812,4
55853205815960,7
84366421566560,5
63050780345558,8
14178645541568,4
19242688285847,5
62789594749567,4
5734473662666,8
7417552190751,2
22076811297985,8
84659481992967,3
38741117171617,8
21089089672881,8
38840086517679,7
61221380021857,4
37589693479844,4
98042185583104,2
7624488536747,4
24860087696304,4
30375098197731,3
56733352092466,8
68088534798052,4
15025321920125,4
7345628374457,7
62363600229632,7
42318869829567,3
21192285447444,5
92364311518659,8
56681635508840,5
70060538864395,8
77661913968207,8
8255082351701,8
9153540540359,4
98321163273229,8
37543684199354,7
30567804109138,8
14701774918044,8
84504441277761,2
23791001322379,8
6246300954529,8
18387282338937,4
26161366804947,7
4123640288075,8
54658703003405,7
84469977436259,8
98939017781378,8
77310806296688,7
63124087917919,6
83796060577505,7
67775917541841,8
35542376572466,7
17009158413862,7
26179070952490,6
87231746561509,8
46468463459928,2
6898470678224,4
22398766759943,6
54357688059322,8
46077209390325,4
86514938231568,8
25440307675786,7
84808572995626,6
28150650034471,7
89047962143599,8
28807814205097,7
42877596965198,8
13439359605316,8
10695806118994,7
33338321082793,8
61071315746778,7
92552967759746,4
91191686136146,4
80695038229284,7
35232628531855,3
68612956476675,8
65060594761510,8
35163230009111,8
6532963072025,5
19769792098923,7
62656235878711,8
37242908889937,4
13860923313346,7
9574430780135,7
59734760235393,4
1361524881421,4
91917822198337,4
38011486595174,4
45386352172503,8
64090357402168,8
15269162624626,8
75240726367791,8
71340801210507,8
28643483664874,8
18293322122843,8
45759521767926,4
79079730180088,8
40421111104934,4
28726263477080,4
19015016628850,8
34330936280669,7
45385305008918,8
41888875943408,7
96874253227657,5
75141123143982,5
19104751998858,8
28652744171171,7
66135037344825,7
1611107349917,4
3509378257430,4
26440038905164,2
38393669245685,5
97946930015177,3
76502915974015,4
52626814218014,8
34115494088871,3
96534241562017,4
25770735326917,5
18422630294421,7
28571112536083,8
81798365601245,4
14298610103257,7
16382069537592,7
86891994034073,7
90191191912282,2
91929949998075,8
49462152127139,7
22991173669054,8
29103794304966,7
89786883677595,8
88365166737492,3
72895163026186,4
9105591365822,2
94957965323333,2
94734321758340,3
89640689172133,7
18137867605478,5
81523780816095,5
81652419735569,7
51463089184858,4
3385245091330,8
10240009375935,2
11846249885772,4
65992985863692,6
19487320031833,8
85973711759464,6
7946584649093,7
14595018064280,7
15058967587491,2
51459510072419,8
97883753321928,7
69905917753609,8
44221408399882,2
86097210692770,5
76971336008257,7
16651779090778,4
1147563449740,5
42911319111945,6
44740941226517,7
45321432681318,7
87064349213728,8
78585723844893,8
55813184879532,4
33861766757457,8
92509730750246,6
87407142781111,4
81565847258267,7
2091696006425,4
15763597583311,7
36336339201454,8
91478574030947,6
97402335945615,7
15694288674901,8
45935444644179,8
20783541934022,8
28691444701223,7
30130327858337,7
99076960833927,4
81428766364596,8
20083636833871,8
25143841198125,8
48022766232845,3
37947270358457,6
9944131626832,7
99287540976251,8
16558231901484,8
27810135023854,4
88236980402253,7
73637965516404,8
26740548274703,8
30319351515501,8
60207628638009,8
63832081437636,8
33171149392843,5
11674565966712,7
27088912538589,2
45608902580524,4
85701899725115,4
64060358551579,7
45995615659800,7
42151165194743,6
71735136132507,8
75102625314363,8
32174071834387,4
79977769656465,7
2019363464924,8
93196878458781,8
58802460146225,4
38359182929436,8
12443703894161,7
90139820494456,2
30276645016591,7
30246234599609,4
27664417249149,7
86084272340799,4
96344758596701,2
38113928030997,8
21115389752148,7
52416825073505,8
39669599879430,7
14685660071853,7
30306369450679,5
12619530206589,3
70244940343617,7
3347020400379,8
8092491492234,7
70970552799083,2
71429801348688,8
17357403334892,6
51377235950409,4
92759021116101,8
1190215256260,8
22773155189689,7
79801685032367,7
83920307752199,7
7220397076270,8
97775927820432,7
40361275459556,8
78190791478505,8
33865977750802,4
35550638379029,8
57592022905800,2
22893656577983,8
40163636854881,4
14590760427568,8
76425683352968,7
10167121113770,7
25423221769585,3
80901166102272,7
91518460593165,4
16498037223326,7
53073092392479,3
90857196092979,8
4063681434480,8
12636856957823,7
7985264441827,8
22863359504793,5
44007110627439,8
18976087334156,4
31809379136594,4
24834779012753,6
16665585355816,7
85105264273759,7
48786818797007,8
42181769205336,2
43070663572944,6
43780114038419,4
48619768886909,4
13783712308164,7
75836754973671,7
51806493219890,8
24323880054936,8
36199071631269,8
40498309806975,6
25290045546129,7
43448945138586,7
69236145073748,4
61122628893565,8
28507230130032,8
38604254610504,8
82902616536591,4
90848401902937,4
4540231548733,8
80789386933983,2
50273756324807,7
3113968444168,8
34773289933118,8
17228070023828,7
99033487325558,8
21870646825705,8
22832087619740,7
50483914711360,8
38162270538500,8
72465612962223,8
25165042405659,4
72131119538969,3
74780744360381,6
5262387180348,4
51935736899829,8
21308605464901,7
5086494997386,4
57574951384168,8
66220964631837,8
3685396337282,5
25152544866954,7
35966808702007,6
50144768965077,4
83215752516640,8
54457308709452,4
22631629384736,8
53451756420831,8
61217050483342,4
41903198688770,7
35189733066702,5
21819466168364,2
46498472225193,8
29967451443800,7
31951163988719,4
62892289190702,8
28171972831056,7
51566023060753,8
56380997267214,8
8727892080461,3
28987809181881,6
35525196703282,7
53854936943406,8
46391477283583,8
13500227357984,6
6692106966149,8
80416170939661,6
13585806916953,3
38444513501297,2
18889945921684,2
35679537401493,8
76846539702749,7
15784088686021,4
32105355498544,8
37525285576689,4
96096256754249,4
49057623207305,5
5253804336192,6
3474826239102,4
93301014458680,8
97475410209702,8
73432303253102,7
63408023289951,8
11116291642207,4
12859790268841,8
85986606837539,7
36001542538534,8
30717996545592,8
72258603111222,3
19904165004561,7
37564736761008,8
58454822858549,8
89104795057625,5
34558189448321,8
8071463486572,2
70648772173961,7
15578973582917,8
54903630106441,6
15603681496290,2
24770208672929,4
35636638018966,7
23821109221079,8
42736475739198,4
21471464025091,8
57527063990998,7
2285194650582,7
56883190841622,8
16691538956221,8
68878910328025,8
59997852546498,6
48345030868895,3
53314955208828,7
54864582269436,8
58875967417495,2
79556362708161,4
33866715888854,4
72887011018805,8
31151751932378,4
20071555419627,4
26380877289266,8
47009402665793,7
10145266640498,8
96229909593244,7
59855731583614,7
62789174880072,7
51575108970630,3
11301115360933,4
80273014974214,4
18404721503635,2
27716140382090,7
49586132095320,8
57356157348501,4
15797970447367,6
51038078263983,2
43410666639731,7
7740009875188,8
31122155301567,8
43856781253364,8
51962033703904,7
87592457712941,4
91810306733522,6
9660663785296,7
74668816997390,4
1920713761133,8
98213860342479,8
60839045700826,8
11451143045514,4
39063354342664,3
91719537835527,4
3084641243440,7
22257652736810,8
64567320259737,3
76734563953942,2
32144122403892,8
78989905655552,7
2336999578893,2
53765062367991,7
93966535475647,7
12117168242133,6
52970123477758,4
36189693368789,8
9814746057164,7
85089093875432,6
36448341252815,7
38955437586989,8
28914298464350,2
12104388252510,7
31689445395992,7
49946727529322,8
84250648431450,8
67303044167924,7
41288581387428,3
22618023231842,8
96289405199207,8
95237204738007,8
68733795547220,2
52618711950272,7
54684052108221,2
65811913913138,5
3909612749679,6
37319897801176,8
17653153222509,7
73444227605026,8
83649772488554,5
17124037185268,8
72744620213819,5
16764181660354,5
47568222339314,7
54559332975922,8
38771507743852,3
55358586327816,4
5536505643175,2
75523460018727,8
80905362768157,7
78838524266103,6
37504997755420,7
4561838320582,4
16879224049396,8
43122383447796,8
56483807675132,8
29048325123960,7
69313455138743,4
66135167470025,7
72315425633648,4
21608587133239,5
24516805602465,6
86849782071063,5
5653077549509,4
41365686733214,4
96624878563573,7
52202103847189,8
59099943373324,4
70575912404753,4
99601492824419,6
93364911536789,8
87854169961521,7
9942871496638,7
27393415949776,4
28974579513012,4
75548867468744,8
25499930707650,3
16811275146481,2
75089922609480,8
58468226388877,7
38870662699484,7
84285108590962,8
86587227895407,8
14544244876915,6
30245837631682,6
9213780317201,4
72365944606790,4
73762839669265,8
35426066725834,8
55904495554915,8
81480091924002,8
14379834583851,4
2316518539163,8
24881929178390,7
56862507013920,8
4090062995028,4
26651337571797,7
82957895466940,8
4372755146964,3
12714563927825,8
32586861214283,8
95726821636780,6
95718330604561,2
9904262069550,8
66869125120682,4
58301191293898,7
87746417714775,4
70330711177687,7
46227466843958,8
21141124198657,4
67934916799413,8
86402063243380,7
94314164538293,8
25513322119818,7
55667958395373,8
9699098397327,7
92046197582631,2
11430074837449,5
23597545803615,8
80634783622006,7
23966423114418,2
15977946391740,4
80630913194243,8
56999831273934,8
80763628210545,7
11287885198829,7
73431823640306,4
47276232328475,8
82086300903819,8
64541745006585,6
93180315599561,4
68101129005558,3
70666390195740,4
49332665842448,3
37538541359661,3
18594389848461,7
14788729072263,7
34824772312245,4
74604677838790,6
32793501655677,4
13096837576587,4
52751567632361,5
24396616218744,7
87287480252281,3
31495595615248,3
55144612505394,6
12185603418618,8
60629294266713,8
85654533353823,8
67909075548023,8
15904630006250,7
86282178352795,7
79354774258247,4
50552915773475,7
99150448879983,3
77756838199415,8
67143984223165,3
96465996007594,7
57441915550729,2
39020858616839,4
67637842622893,8
94258288538981,8
86539502196852,7
61311764492198,4
4741700828866,8
24339996133721,8
48615917930622,7